%% Algorithms 6.4, 6.5, 6.6

% Name: Shayne O'Brien
% Course: MATH 345 (Dr. Haddad)
% Due Date: Friday, 11/11/16 by 11:59 pm
% Content: Data outputs for 6.5 #7d #8d 
%                           6.6 #7c #8c
%                           6.6 #7d #8d

%% Exercise 6.5.7d

l =

   1.000000000000000                   0                   0                   0
  -1.849191027762456   1.000000000000000                   0                   0
  -0.459643316786174  -0.250121944170316   1.000000000000000                   0
   2.768661518661518  -0.307943612790330  -5.352283020435688   1.000000000000000


u =

   2.175600000000000   4.023100000000000  -2.173200000000000   5.196700000000000
                   0  13.439480423791139  -4.018661941533370  10.806991013973157
                   0                   0  -0.892952393819297   5.091694027388812
                   0                   0                   0  12.036128030254149


x =

   2.939851204011361   0.070677698829785   5.677735117724525   4.379812232422444

%% Exercise 6.5.8d

l =

   1.000000000000000                   0                   0                   0
                   0   1.000000000000000                   0                   0
   2.419613389910420   1.884433338935115   1.000000000000000                   0
  -1.466760961810467  -1.310801642184521  -0.022226203027699   1.000000000000000


u =

   2.121000000000000  -3.460000000000000                   0   5.217000000000000
                   0   5.193000000000000  -2.197000000000000   4.206000000000000
                   0                   0   7.281100045640447 -20.549049678723751
                   0                   0                   0  17.920596294607716


x =

  -0.706122825045328  -0.187410197183468   0.569188270280180   0.528703705130600


%% Exercise 6.6.7c

l =

   1.000000000000000                   0                   0                   0
   0.250000000000000   1.000000000000000                   0                   0
  -0.250000000000000  -0.272727272727273   1.000000000000000                   0
                   0                   0   0.440000000000000   1.000000000000000


d =

   4.000000000000000                   0                   0                   0
                   0   2.750000000000000                   0                   0
                   0                   0   4.545454545454546                   0
                   0                   0                   0   3.120000000000000


x =

     1     2    -1     2

%% Exercise 6.6.8c

l =

   1.000000000000000                   0                   0                   0
                   0   1.000000000000000                   0                   0
   0.500000000000000  -0.333333333333333   1.000000000000000                   0
   0.250000000000000   0.333333333333333   0.607142857142857   1.000000000000000


d =

   4.000000000000000                   0                   0                   0
                   0   3.000000000000000                   0                   0
                   0                   0   4.666666666666667                   0
                   0                   0                   0   5.696428571428571


x =

  -1.416927899686520   1.169278996865204   2.391849529780564  -1.115987460815047

%% Exercise 6.6.7d

l =

   2.449489742783178                   0                   0                   0
   0.816496580927726   1.825741858350554                   0                   0
   0.408248290463863   0.365148371670111   1.923538406167135                   0
  -0.408248290463863   0.182574185835055  -0.467887720419033   1.606574331016490


lT =

   2.449489742783178   0.816496580927726   0.408248290463863  -0.408248290463863
                   0   1.825741858350554   0.365148371670111   0.182574185835055
                   0                   0   1.923538406167135  -0.467887720419033
                   0                   0                   0   1.606574331016490


x =

  -0.858638743455498   2.418848167539267  -0.958115183246073  -1.272251308900524

%% Exercise 6.6.8d

l =

   2.000000000000000                   0                   0                   0
   0.500000000000000   1.658312395177700                   0                   0
   0.500000000000000  -0.150755672288882   1.314257481345542                   0
   0.500000000000000  -0.753778361444409   0.484200124706252   1.716790150557904


lT =

   2.000000000000000   0.500000000000000   0.500000000000000   0.500000000000000
                   0   1.658312395177700  -0.150755672288882  -0.753778361444409
                   0                   0   1.314257481345542   0.484200124706252
                   0                   0                   0   1.716790150557904


x =

   0.178571428571429   0.714285714285714   0.250000000000000   0.321428571428571

diary off
